date,open,high,low,close,amout,vol,str07
20190826,9.98,10.15,9.98,10.14,633861120.0,630790062,65536
20190827,10.27,10.38,10.19,10.33,517479520.0,502666845,65536
20190828,10.35,10.42,10.28,10.32,200487920.0,193542316,65536
20190829,10.37,10.49,10.33,10.42,250006176.0,239957802,65536
20190830,10.49,10.72,10.49,10.63,243294256.0,229566838,65536
20190902,10.7,11.23,10.7,11.16,323399968.0,294209084,65536
20190903,11.19,11.39,11.08,11.31,306078400.0,272474868,65536
20190904,11.29,11.29,11.07,11.25,251657824.0,225118946,65536
20190905,11.25,11.44,11.19,11.25,233037072.0,206150926,65536
20190906,11.25,11.35,11.2,11.31,176002048.0,156087287,65536
20190909,11.35,11.47,11.28,11.46,181388816.0,159701346,65536
20190910,11.45,11.6,11.25,11.3,188074192.0,165040025,65536
20190911,11.31,11.31,11.12,11.14,170870672.0,152652759,65536
20190912,11.17,11.2,11.1,11.19,127522272.0,114328398,65536
20190916,11.23,11.26,11.13,11.18,151111712.0,134837985,65536
20190917,11.18,11.18,10.77,10.79,201076528.0,184027620,65536
20190918,10.8,10.85,10.71,10.75,142766624.0,132470200,65536
20190919,10.77,10.91,10.75,10.9,124330864.0,114866599,65536
20190920,10.89,10.91,10.77,10.83,115302056.0,106300152,65536
20190923,10.8,10.86,10.73,10.82,159267456.0,147602764,65536
20190924,10.81,10.9,10.75,10.83,109711192.0,101250200,65536
20190925,10.81,10.81,10.62,10.66,148586640.0,138943803,65536
20190926,10.69,10.7,10.29,10.3,157669792.0,150977692,65536
20190927,10.29,10.4,10.26,10.34,187107312.0,180780741,65536
20190930,10.35,10.36,10.19,10.21,79855512.0,77900982,65536
20191008,10.23,10.25,10.03,10.04,103766752.0,102483283,65536
20191009,10.01,10.11,9.95,10.1,100849104.0,100481373,65536
20191010,10.06,10.14,10.02,10.14,82449704.0,81825290,65536
20191011,10.16,10.17,10.03,10.11,91201448.0,90229264,65536
20191014,10.12,10.3,10.12,10.29,170356880.0,166662983,65536
20191015,10.26,10.26,10.07,10.09,137596944.0,135962100,65536
20191016,10.09,10.13,10.01,10.02,146025712.0,145063850,65536
20191017,10.03,10.06,10.0,10.01,159888144.0,159401935,65536
20191018,10.01,10.04,9.83,9.85,145889648.0,146956880,65536
20191021,9.83,9.88,9.7,9.87,151003904.0,153725200,65536
20191022,9.86,10.0,9.86,10.0,165476224.0,166707300,65536
20191023,9.98,9.99,9.93,9.94,145813856.0,146538100,65536
20191024,9.93,9.93,9.82,9.89,149662032.0,151615200,65536
20191025,9.88,10.04,9.81,10.01,174387856.0,176068100,65536
20191028,10.06,10.25,10.06,10.24,197861184.0,194316519,65536
20191029,10.23,10.23,10.07,10.08,146055696.0,144056755,65536
20191030,10.06,10.06,9.94,10.01,74193680.0,74067600,65536
20191031,10.01,10.02,9.91,9.93,129946296.0,130578200,65536
20191101,9.96,10.06,9.93,10.04,96107232.0,95959500,65536
20191104,10.06,10.09,9.99,10.01,96390776.0,96022377,65536
20191105,10.02,10.09,9.97,10.06,107769312.0,107376242,65536
20191106,10.1,10.27,10.09,10.18,183406816.0,179757820,65536
20191107,10.18,10.2,10.12,10.14,116836304.0,114954260,65536
20191108,10.16,10.19,10.07,10.08,134515760.0,132576800,65536
20191111,10.05,10.05,9.83,9.84,118883248.0,120113100,65536
20191112,9.82,9.86,9.67,9.8,101394368.0,103880600,65536
20191113,9.78,9.82,9.75,9.79,76250080.0,77898900,65536
20191114,9.79,9.84,9.73,9.83,85641456.0,87500200,65536
20191115,9.79,9.84,9.71,9.72,78525896.0,80265300,65536
20191118,9.7,9.79,9.67,9.76,118006208.0,121560400,65536
20191119,9.75,9.92,9.75,9.91,117363352.0,119038043,65536
20191120,9.91,9.93,9.81,9.84,111214512.0,112453100,65536
20191121,9.82,9.92,9.77,9.9,143418000.0,145243200,65536
20191122,9.9,9.99,9.79,9.82,90698280.0,91555607,65536
20191125,9.83,9.86,9.7,9.79,60887452.0,62309100,65536
20191126,9.79,9.83,9.74,9.8,63530344.0,64849800,65536
20191127,9.79,9.83,9.75,9.77,49592616.0,50622200,65536
20191128,9.78,9.78,9.71,9.74,62630828.0,64314900,65536
20191129,9.74,9.81,9.68,9.77,123123752.0,126332325,65536
20191202,9.8,9.88,9.8,9.83,81357096.0,82691849,65536
20191203,9.81,9.91,9.78,9.91,89230800.0,90782049,65536
20191204,9.88,10.04,9.88,10.02,196016784.0,196146800,65536
20191205,10.04,10.16,10.03,10.13,98320432.0,97359000,65536
20191206,10.12,10.16,10.07,10.15,73255000.0,72441870,65536
20191209,10.15,10.16,10.1,10.11,74001792.0,73109700,65536
20191210,10.11,10.14,10.03,10.14,78835504.0,78205200,65536
20191211,10.14,10.16,10.07,10.1,68748496.0,67986800,65536
20191212,10.1,10.15,10.07,10.1,99477704.0,98460680,65536
20191213,10.12,10.17,10.09,10.17,67561744.0,66726712,65536
20191216,10.18,10.39,10.17,10.38,111450832.0,108300395,65536
20191217,10.4,10.55,10.4,10.5,89023696.0,84927373,65536
20191218,10.5,10.59,10.47,10.5,84645280.0,80370776,65536
20191219,10.52,10.55,10.44,10.47,63954072.0,61011575,65536
20191220,10.46,10.49,10.31,10.33,63773080.0,61396152,65536
20191223,10.28,10.35,10.12,10.15,86367720.0,84285400,65536
20191224,10.15,10.28,10.15,10.26,70294984.0,68795200,65536
20191225,10.25,10.36,10.25,10.36,81726536.0,79302165,65536
20191226,10.35,10.38,10.3,10.36,110971352.0,107303300,65536
20191227,10.37,10.47,10.33,10.33,120547496.0,115795300,65536
20191230,10.3,10.44,10.21,10.41,71404464.0,68975993,65536
20191231,10.36,10.43,10.33,10.4,68803584.0,66300953,65536
20200102,10.45,10.64,10.43,10.63,150498352.0,142107320,65536
20200103,10.61,10.81,10.6,10.77,228354560.0,212656950,65536
20200106,10.94,11.05,10.9,10.98,130719056.0,119161941,65536
20200107,10.97,11.05,10.91,11.04,142110656.0,129120800,65536
20200108,11.12,11.19,10.95,11.04,110995976.0,100295401,65536
20200109,10.92,11.01,10.9,11.0,147938336.0,134923312,65536
20200110,10.97,10.98,10.83,10.86,132146832.0,121558800,65536
20200113,10.83,11.02,10.81,11.01,143145680.0,131216120,65536
20200114,11.0,11.01,10.87,10.89,110053936.0,100874728,65536
20200115,10.85,10.87,10.74,10.82,167583376.0,154978673,65536
20200116,10.82,11.01,10.82,10.91,200262400.0,183436115,65536
20200117,10.9,10.9,10.78,10.8,120259336.0,111000919,65536
20200120,10.8,11.04,10.8,11.02,117101056.0,106684472,65536
20200121,11.0,11.0,10.83,10.88,103988456.0,95367510,65536
20200122,10.8,10.94,10.62,10.9,78062520.0,72346666,65536
20200123,10.81,11.0,10.5,10.61,92266736.0,85826400,65536
20200203,9.58,9.76,9.55,9.55,56644464.0,58844700,65536
20200204,9.44,9.81,9.44,9.8,66941732.0,69078400,65536
20200205,9.79,10.17,9.77,10.05,72932080.0,72636112,65536
20200206,10.05,10.36,9.97,10.31,49153024.0,48140820,65536
20200207,10.28,10.52,10.2,10.51,82527080.0,79479808,65536
20200210,10.48,10.59,10.38,10.5,80823480.0,77185350,65536
20200211,10.48,10.51,10.37,10.39,54280660.0,52066471,65536
20200212,10.38,10.56,10.33,10.55,82158576.0,78409300,65536
20200213,10.48,10.57,10.4,10.43,77878504.0,74291800,65536
20200214,10.4,10.56,10.39,10.44,89401168.0,85500500,65536
20200217,10.59,11.13,10.56,11.12,239753632.0,219276689,65536
20200218,11.32,11.39,11.17,11.33,269672288.0,238934459,65536
20200219,11.29,11.45,11.17,11.27,245857536.0,216937529,65536
20200220,11.21,11.35,11.11,11.35,129259408.0,114954256,65536
20200221,11.34,11.75,11.32,11.7,205978976.0,177787504,65536
20200224,11.69,11.84,11.58,11.8,335021344.0,285409583,65536
20200225,11.6,11.8,11.21,11.76,109786160.0,94904089,65536
20200226,11.58,11.89,11.43,11.51,128235088.0,109345736,65536
20200227,11.53,11.66,11.27,11.48,76495376.0,66565962,65536
20200228,11.28,11.31,10.8,10.87,105327808.0,95323800,65536
20200302,10.96,11.31,10.9,11.26,148091360.0,132501165,65536
20200303,11.4,11.74,11.33,11.49,92161080.0,79416574,65536
20200304,11.32,11.61,11.22,11.43,63642920.0,55712000,65536
20200305,11.59,11.64,11.36,11.49,55327936.0,48253000,65536
20200306,11.29,11.45,11.28,11.34,46640804.0,41004871,65536
20200309,11.16,11.19,10.77,10.78,174772496.0,160028800,65536
20200310,10.69,11.26,10.67,11.24,82251112.0,74942177,65536
20200311,11.28,11.59,11.24,11.26,93609776.0,81856659,65536
20200312,11.09,11.17,10.88,11.0,62073084.0,56213300,65536
20200313,10.79,11.09,10.44,10.95,73297384.0,67797609,65536
20200316,11.02,11.04,10.29,10.32,101495408.0,94973150,65536
20200317,10.44,10.55,10.02,10.29,70560128.0,68530000,65536
20200318,10.42,10.56,10.06,10.06,90662040.0,87494400,65536
20200319,10.06,10.31,9.97,10.27,67780000.0,66716000,65536
20200320,10.39,10.4,10.16,10.31,43191660.0,41961400,65536
20200323,10.1,10.1,9.76,9.79,49260428.0,49548400,65536
20200324,9.99,10.06,9.71,9.97,44306940.0,44680600,65536
20200325,10.18,10.2,10.05,10.15,50530952.0,49869500,65536
20200326,10.07,10.17,10.0,10.03,29441448.0,29281000,65536
20200327,10.11,10.17,10.0,10.01,31374466.0,31073100,65536
20200330,9.89,9.93,9.62,9.81,48924376.0,50219800,65536
20200331,9.92,9.93,9.72,9.74,37624464.0,38312510,65536
20200401,9.74,9.89,9.71,9.73,36876288.0,37659000,65536
20200402,9.68,10.06,9.68,10.06,34003988.0,34461000,65536
20200403,10.04,10.06,9.9,9.98,30441570.0,30459100,65536
20200407,10.14,10.37,10.14,10.36,69859368.0,67794100,65536
20200408,10.31,10.54,10.27,10.49,61450984.0,58834814,65536
20200409,10.58,10.63,10.44,10.48,38038696.0,36181300,65536
20200410,10.49,10.52,10.31,10.35,86704096.0,83154500,65536
20200413,10.26,10.33,10.17,10.3,42612856.0,41495600,65536
20200414,10.36,10.47,10.32,10.46,34104368.0,32825800,65536
20200415,10.47,10.49,10.32,10.33,27142500.0,26068800,65536
20200416,10.3,10.49,10.24,10.44,38704896.0,37180040,65536
20200417,10.47,10.61,10.39,10.45,104000880.0,99088200,65536
20200420,10.54,10.63,10.43,10.62,58421920.0,55414666,65536
20200421,10.59,10.67,10.52,10.6,43763152.0,41294600,65536
20200422,10.52,10.6,10.46,10.6,35010988.0,33218800,65536
20200423,10.6,10.78,10.54,10.67,47718792.0,44697730,65536
20200424,10.66,10.67,10.35,10.46,64749764.0,61680130,65536
20200427,10.44,10.51,10.35,10.36,30568058.0,29301500,65536
20200428,10.35,10.39,9.97,10.28,53828344.0,52859900,65536
20200429,10.2,10.43,10.2,10.42,35228360.0,33907800,65536
20200430,10.43,10.68,10.43,10.68,49668152.0,46834600,65536
20200506,10.63,10.91,10.6,10.91,55643396.0,51652800,65536
20200507,10.91,10.94,10.84,10.89,38092940.0,34964200,65536
20200508,10.92,11.07,10.92,11.01,86080080.0,78146000,65536
20200511,11.09,11.15,10.97,11.07,88523968.0,80091100,65536
20200512,11.17,11.17,10.96,11.11,36245976.0,32803000,65536
20200513,11.05,11.11,11.04,11.08,25913824.0,23384500,65536
20200514,11.08,11.16,10.98,11.04,39255320.0,35478000,65536
20200515,11.09,11.13,11.0,11.06,83405792.0,75310500,65536
20200518,11.06,11.39,11.03,11.25,122315560.0,108606530,65536
20200519,11.2,11.34,11.2,11.33,37759756.0,33512500,65536
20200520,11.28,11.35,10.99,11.03,56983240.0,51043740,65536
20200521,11.04,11.08,10.84,10.86,42159308.0,38528700,65536
20200522,10.84,10.98,10.67,10.72,47694788.0,43958110,65536
20200525,10.67,10.71,10.52,10.57,56912092.0,53739410,65536
20200526,10.57,10.74,10.57,10.74,30358344.0,28437100,65536
20200527,10.76,10.76,10.56,10.6,46100800.0,43346000,65536
20200528,10.6,10.65,10.45,10.65,32923184.0,31152511,65536
20200529,10.56,10.68,10.56,10.66,30692868.0,28903400,65536
20200601,10.67,10.93,10.67,10.9,57599480.0,53041900,65536
20200602,10.94,11.02,10.84,10.9,59364564.0,54299900,65536
20200603,10.92,10.96,10.82,10.83,29602424.0,27220200,65536
20200604,10.83,10.86,10.7,10.74,29262324.0,27171700,65536
20200605,10.78,10.8,10.66,10.75,39075272.0,36423021,65536
20200608,10.8,10.84,10.71,10.73,36246224.0,33584821,65536
20200609,10.79,10.79,10.67,10.73,39004016.0,36428600,65536
20200610,10.71,10.71,10.64,10.71,67438384.0,63176100,65536
20200611,10.68,10.85,10.68,10.72,55035688.0,51134000,65536
20200612,10.6,10.8,10.55,10.75,31719836.0,29678700,65536
20200615,10.76,10.76,10.6,10.61,32684184.0,30574900,65536
20200616,10.67,10.74,10.62,10.73,27097276.0,25337800,65536
20200617,10.9,10.9,10.8,10.9,109266912.0,100609000,65536
20200618,10.82,10.84,10.72,10.78,88438648.0,82277400,65536
20200619,10.76,10.91,10.75,10.91,78650072.0,72561200,65536
20200622,10.91,10.99,10.89,10.94,47196844.0,43183850,65536
20200623,10.96,11.0,10.88,10.99,44818768.0,41003700,65536
20200624,11.0,11.0,10.91,10.95,77113440.0,70510400,65536
20200629,10.94,11.03,10.89,10.92,72479512.0,66223000,65536
20200630,10.96,11.15,10.96,11.14,112650096.0,101865481,65536
20200701,11.17,11.24,11.1,11.22,105588504.0,94764172,65536
20200702,11.19,11.39,11.16,11.38,125369440.0,110738802,65536
20200703,11.44,11.5,11.37,11.47,129369664.0,113179810,65536
20200706,11.57,12.33,11.57,12.26,348983840.0,291429158,65536
20200707,12.74,12.74,12.14,12.4,305360992.0,244056917,65536
20200708,12.39,13.55,12.32,13.52,435788672.0,336795377,65536
20200709,13.66,14.03,13.56,13.91,558560384.0,404211938,65536
20200710,13.9,13.93,13.5,13.56,362721920.0,264597844,65536
20200713,13.48,13.9,13.46,13.87,226989328.0,165578442,65536
20200714,13.88,14.36,13.56,13.88,299332992.0,214939632,65536
20200715,13.91,13.99,13.3,13.38,190857664.0,140316565,65536
20200716,13.38,13.59,12.62,12.81,172337408.0,130476549,65536
20200717,12.85,13.48,12.83,13.26,240549296.0,182803800,65536
20200720,13.65,14.59,13.52,14.59,477082272.0,340257597,65536
20200721,14.6,14.6,13.69,13.85,424044896.0,304160120,65536
20200722,13.73,14.32,13.7,14.1,635435648.0,449499544,65536
20200723,14.1,14.6,13.99,14.47,661696256.0,462857098,65536
20200724,14.54,14.79,14.0,14.04,629464512.0,435218838,65536
20200727,13.94,14.47,13.76,14.14,284276768.0,201157115,65536
20200728,14.16,14.44,13.95,14.23,252052720.0,177588999,65536
20200729,14.14,14.68,14.11,14.67,309902080.0,215069777,65536
20200730,14.74,14.94,14.4,14.5,215797904.0,147622783,65536
20200731,14.49,14.53,14.16,14.4,218533264.0,152104139,65536
20200803,14.62,15.69,14.52,15.65,434507456.0,286398633,65536
20200804,15.6,15.6,15.01,15.11,360066080.0,236813300,65536
20200805,15.08,15.77,15.02,15.63,358160736.0,232152633,65536
20200806,15.53,16.39,15.47,16.21,431351328.0,269915727,65536
20200807,16.2,16.84,15.77,16.63,609171264.0,373525629,65536
20200810,16.63,17.49,16.17,16.19,565781824.0,338491118,65536
20200811,15.99,16.62,15.93,16.03,399196608.0,245469954,65536
20200812,15.8,15.91,15.1,15.39,292927776.0,189875884,65536
20200813,15.41,15.78,15.36,15.53,206452320.0,132613602,65536
20200814,15.43,16.17,15.33,16.08,283492736.0,177839432,65536
20200817,16.23,16.53,15.96,16.52,249751296.0,152701597,65536
20200818,16.45,16.7,16.35,16.48,355116928.0,215176363,65536
20200819,16.36,16.44,15.91,16.0,192974736.0,119360932,65536
20200820,15.73,15.99,15.36,15.49,175233200.0,112259378,65536
20200821,15.56,15.81,15.26,15.41,307744896.0,197602500,65536
20200824,15.45,15.71,15.34,15.57,123477504.0,79418496,65536
20200825,15.57,15.59,14.94,15.07,202868976.0,133607090,65536
20200826,15.08,15.15,14.52,14.59,168241888.0,113984493,65536
20200827,14.61,14.86,14.48,14.85,144288960.0,98198840,65536
20200828,14.89,15.17,14.77,15.14,130827200.0,87308100,65536
20200831,15.36,15.48,15.1,15.25,198248416.0,129728800,65536
20200901,15.5,15.62,15.29,15.59,203955056.0,131492976,65536
20200902,15.6,15.62,15.25,15.4,118494752.0,76972500,65536
20200903,15.37,15.4,15.08,15.27,110664088.0,72699158,65536
20200904,15.06,15.2,14.94,15.17,88699576.0,58797100,65536
20200907,15.1,15.23,14.62,14.7,93103024.0,62345900,65536
20200908,14.75,14.81,14.39,14.62,73706376.0,50469100,65536
20200909,14.54,14.72,14.18,14.49,125807760.0,86639500,65536
20200910,14.58,14.66,14.05,14.11,103386984.0,72034400,65536
20200911,14.06,14.18,13.89,14.16,76369512.0,54359800,65536
20200914,14.2,14.26,13.97,14.07,48730668.0,34589000,65536
20200915,14.04,14.35,14.04,14.34,104413320.0,73157300,65536
20200916,14.32,14.32,14.0,14.08,57255700.0,40543653,65536
20200917,14.05,14.34,13.91,14.23,81374864.0,57775700,65536
20200918,14.27,14.56,14.23,14.55,98049624.0,67863500,65536
20200921,14.68,15.09,14.63,14.88,120256168.0,80673700,65536
20200922,14.61,14.71,14.47,14.53,88566264.0,60715600,65536
20200923,14.53,14.61,14.43,14.55,54164076.0,37290800,65536
20200924,14.44,14.48,14.15,14.16,54057336.0,37859100,65536
20200925,14.18,14.32,14.09,14.15,56807484.0,40037300,65536
20200928,14.18,14.22,13.98,13.98,46813856.0,33259954,65536
20200929,14.13,14.6,14.09,14.58,109846688.0,75903758,65536
20200930,14.59,14.64,14.41,14.57,101214360.0,69612471,65536
20201009,14.76,14.87,14.62,14.79,88832048.0,60260800,65536
20201012,14.81,15.47,14.81,15.45,129453776.0,84863700,65536
20201013,15.41,15.52,15.29,15.49,80131920.0,52047838,65536
20201014,15.44,15.67,15.27,15.36,93641976.0,60731324,65536
20201015,15.3,15.45,15.21,15.3,80651152.0,52546400,65536
20201016,15.29,15.36,14.96,15.02,94623160.0,62617900,65536
20201019,15.11,15.2,14.92,14.98,71920592.0,47755100,65536
20201020,14.93,15.07,14.78,15.06,55738652.0,37390800,65536
20201021,15.02,15.04,14.59,14.64,97401576.0,65898900,65536
20201022,14.55,14.61,14.38,14.51,71173864.0,49150900,65536
20201023,14.53,14.61,14.26,14.32,91692352.0,63488500,65536
20201026,14.26,14.59,14.17,14.55,81665504.0,56544600,65536
20201027,14.51,14.71,14.46,14.69,88428672.0,60467300,65536
20201028,14.7,14.7,14.38,14.57,85084384.0,58627700,65536
20201029,14.39,14.49,14.31,14.47,107508208.0,74706600,65536
20201030,14.58,14.87,14.22,14.26,131068376.0,89701700,65536
20201102,14.23,14.29,14.08,14.27,96158520.0,67675200,65536
20201103,14.29,14.72,14.23,14.7,205228624.0,140510000,65536
20201104,14.67,14.94,14.56,14.88,147823712.0,100144900,65536
20201105,14.86,14.97,14.7,14.89,124150232.0,83681834,65536
20201106,14.89,14.89,14.6,14.71,89658496.0,60897374,65536
20201109,14.65,14.96,14.58,14.95,179497824.0,121228100,65536
20201110,14.95,14.95,14.63,14.69,84277408.0,57077460,65536
20201111,14.66,14.78,14.32,14.33,67588432.0,46610000,65536
20201112,14.39,14.5,14.23,14.28,52403364.0,36544800,65536
20201113,14.26,14.68,14.13,14.6,129727680.0,89337145,65536
20201116,14.6,14.68,14.51,14.65,57474216.0,39349641,65536
20201117,14.67,14.67,14.24,14.33,70324520.0,48915200,65536
20201118,14.33,14.47,14.24,14.39,57319560.0,39913000,65536
20201119,14.36,15.13,14.25,15.11,210465984.0,141479255,65536
20201120,15.12,15.41,15.05,15.24,325818400.0,214043700,65536
20201123,15.23,15.31,15.0,15.21,224687808.0,147815078,65536
20201124,15.17,15.45,15.12,15.21,154101168.0,100911078,65536
20201125,15.1,15.24,14.82,14.84,102049392.0,68004778,65536
20201126,14.93,15.19,14.76,15.12,120537384.0,80578200,65536
20201127,15.1,15.62,14.91,15.35,197192880.0,128856737,65536
20201130,15.35,15.6,15.27,15.46,159439408.0,102840837,65536
20201201,15.43,15.83,15.41,15.75,157263408.0,100671840,65536
20201202,15.75,15.88,15.64,15.76,103424752.0,65693500,65536
20201203,15.73,15.73,15.5,15.55,89400688.0,57403423,65536
20201204,15.45,15.78,15.4,15.73,112284104.0,72058265,65536
20201207,15.78,15.92,15.65,15.78,102894096.0,65176621,65536
20201208,15.71,15.8,15.63,15.66,79570768.0,50699900,65536
20201209,15.6,15.73,15.28,15.32,191798272.0,123605865,65536
20201210,15.21,15.51,15.17,15.36,67652040.0,44054700,65536
20201211,15.39,15.39,14.8,14.96,130798016.0,86847000,65536
20201214,14.95,15.34,14.88,15.31,146388704.0,96202400,65536
20201215,15.26,15.61,15.24,15.47,95571984.0,61896700,65536
20201216,15.47,15.56,15.3,15.42,152705216.0,99156042,65536
20201217,15.36,15.43,14.98,15.29,154585104.0,102076200,65536
20201218,15.29,15.49,15.18,15.2,147831584.0,96374700,65536
20201221,15.21,15.95,15.2,15.95,226949648.0,145044963,65536
20201222,15.92,16.1,15.67,15.71,244272992.0,153636700,65536
20201223,15.7,16.78,15.68,16.67,312358816.0,194555200,65536
20201224,16.8,17.24,16.66,16.69,398051424.0,235077550,65536
20201225,16.61,17.03,16.47,16.94,290067360.0,173032750,65536
20201228,16.98,17.24,16.76,17.04,223585712.0,131991153,65536
20201229,17.09,17.18,16.65,16.86,234382864.0,138206700,65536
20201230,16.76,17.51,16.6,17.31,235387648.0,137136535,65536
20201231,17.45,18.32,17.31,18.31,384359104.0,216725634,65536
20210104,18.8,19.77,18.38,19.5,638787200.0,336732332,65536
20210105,19.26,20.12,19.17,19.71,634327616.0,323476173,65536
20210106,19.54,20.32,19.47,19.95,525468192.0,263569425,65536
20210107,19.75,20.52,19.66,20.44,434112992.0,215410804,65536
20210108,20.4,20.47,19.59,19.95,636504000.0,319488950,65536
20210111,20.15,20.55,19.28,19.47,742298752.0,373570943,65536
20210112,19.27,20.25,19.27,20.21,504449440.0,252675156,65536
20210113,20.25,20.4,19.6,19.8,600205760.0,300468000,65536
20210114,19.66,19.67,18.65,18.67,725756096.0,382656381,65536
20210115,18.62,18.87,18.09,18.6,467738336.0,252610538,65536
20210118,18.63,19.15,18.61,19.04,411307616.0,216945849,65536
20210119,18.93,19.24,18.55,18.66,314988512.0,167627852,65536
20210120,18.61,19.06,18.48,18.99,335831648.0,178578080,65536
20210121,18.9,19.42,18.86,19.29,410897344.0,214279943,65536
20210122,19.24,19.5,19.05,19.49,368303328.0,190767097,65536
20210125,19.75,20.08,19.36,19.6,515734720.0,260843648,65536
20210126,19.3,19.3,18.11,18.15,796585856.0,431417843,65536
20210127,18.0,18.35,17.87,18.28,378478720.0,208729275,65536
20210128,18.01,18.42,17.8,17.92,267480320.0,147760107,65536
20210129,18.03,18.1,17.0,17.37,325648544.0,186547398,65536
20210201,17.35,17.52,17.18,17.34,182208112.0,105010600,65536
20210202,17.35,17.7,17.16,17.63,321256256.0,184340428,65536
20210203,17.64,17.7,16.94,16.96,256614640.0,148437900,65536
20210204,16.86,17.23,16.51,16.8,380903744.0,226940900,65536
20210205,16.91,17.03,16.38,16.41,235906432.0,141562380,65536
20210208,16.41,16.59,16.19,16.47,238545776.0,145410400,65536
20210209,16.48,17.49,16.47,17.48,364855072.0,213577354,65536
20210210,17.49,17.5,17.04,17.48,296198080.0,171068966,65536
20210218,17.65,17.78,17.15,17.22,359625408.0,207184900,65536
20210219,17.17,17.28,16.91,17.27,236720208.0,138478989,65536
20210222,17.26,17.26,16.56,16.59,329603648.0,195012711,65536
20210223,16.44,17.15,16.26,17.0,294199168.0,174862947,65536
20210224,17.22,17.35,16.61,16.95,317344576.0,186606039,65536
20210225,16.99,17.5,16.87,17.34,380328352.0,220152346,65536
20210226,16.93,17.11,16.67,16.77,283673792.0,168146800,65536
20210301,16.79,17.1,16.75,17.08,172002544.0,101529800,65536
20210302,17.19,17.33,16.83,17.25,242966848.0,141948089,65536
20210303,17.15,17.26,16.94,17.25,228130912.0,133302900,65536
20210304,17.1,17.38,16.8,16.91,269895104.0,158218997,65536
20210305,16.6,16.78,16.26,16.55,206894208.0,125019000,65536
20210308,16.58,16.64,15.26,15.3,468708352.0,297302213,65536
20210309,15.18,15.24,14.4,14.54,356246880.0,241062447,65536
20210310,14.76,14.81,14.44,14.49,237815248.0,163235900,65536
20210311,14.51,14.81,14.37,14.8,153964752.0,105009347,65536
20210312,14.81,14.86,14.47,14.64,146474880.0,100455300,65536
20210315,14.55,14.64,14.31,14.45,133332592.0,92110300,65536
20210316,14.38,14.57,14.26,14.38,181500944.0,126279710,65536
20210317,14.37,14.68,14.32,14.58,122799592.0,84354936,65536
20210318,14.57,14.92,14.57,14.81,137362032.0,92986900,65536
20210319,14.81,14.81,14.81,14.81,0.0,0,65536
20210322,7.35,7.5,7.31,7.46,72409192.0,97393004,65536
20210323,7.46,7.51,7.38,7.41,83119288.0,111884032,65536
20210324,7.39,7.46,7.21,7.27,82596816.0,113234000,65536
20210325,7.22,7.34,7.21,7.3,64539600.0,88565100,65536
20210326,7.33,7.48,7.31,7.45,95472792.0,128756000,65536
20210329,7.51,7.69,7.49,7.57,153516528.0,202128724,65536
20210330,7.56,7.85,7.56,7.75,170938992.0,220254442,65536
20210331,7.72,7.72,7.46,7.47,139770464.0,186207500,65536
20210401,7.46,7.54,7.46,7.53,98476200.0,131127402,65536
20210402,7.54,7.62,7.5,7.58,102821424.0,136026600,65536
20210406,7.62,7.64,7.55,7.62,91217328.0,119959780,65536
20210407,7.59,7.6,7.48,7.52,102478640.0,136309837,65536
20210408,7.5,7.6,7.45,7.56,98269704.0,130090000,65536
20210409,7.61,7.67,7.51,7.53,99044200.0,130701400,65536
20210412,7.53,7.53,7.22,7.28,135081872.0,183830400,65536
20210413,7.25,7.32,7.21,7.25,84478656.0,116541100,65536
20210414,7.24,7.38,7.24,7.36,95246800.0,129932600,65536
20210415,7.35,7.38,7.28,7.36,76472776.0,104177200,65536
20210416,7.36,7.43,7.32,7.39,81619112.0,110700300,65536
20210419,7.4,7.56,7.4,7.56,117084616.0,155901724,65536
20210420,7.55,7.61,7.48,7.55,94756560.0,125436576,65536
20210421,7.54,7.54,7.43,7.49,110989520.0,148099000,65536
20210422,7.52,7.57,7.49,7.51,79746576.0,105963500,65536
20210423,7.5,7.56,7.46,7.49,129317176.0,172596200,65536
20210426,7.51,7.64,7.48,7.5,127642120.0,168780159,65536
20210427,7.48,7.49,7.3,7.38,124531776.0,169023078,65536
20210428,7.36,7.46,7.35,7.46,105185280.0,141661300,65536
20210429,7.44,7.5,7.43,7.48,112325136.0,150376500,65536
20210430,7.44,7.44,7.16,7.21,273945760.0,378384806,65536
20210506,7.2,7.33,7.17,7.28,135126224.0,186209400,65536
20210507,7.25,7.3,7.13,7.14,102309904.0,141730100,65536
20210510,7.13,7.14,7.05,7.09,78566448.0,110854200,65536
20210511,7.06,7.29,7.04,7.26,111417360.0,155513100,65536
20210512,7.27,7.27,7.18,7.24,89668168.0,124226600,65536
20210513,7.2,7.29,7.17,7.18,95161128.0,131621900,65536
20210514,7.2,7.46,7.16,7.45,189292240.0,257742800,65536
20210517,7.49,7.64,7.49,7.54,154975824.0,204710173,65536
20210518,7.52,7.75,7.46,7.73,184377680.0,240693200,65536
20210519,7.7,7.81,7.65,7.76,137543344.0,177528712,65536
20210520,7.72,7.87,7.71,7.77,130003984.0,166890725,65536
20210521,7.78,7.81,7.61,7.63,118073520.0,154130228,65536
20210524,7.64,7.75,7.62,7.73,92343944.0,119924419,65536
20210525,7.75,8.0,7.7,7.97,232931616.0,294659700,65536
20210526,8.0,8.09,7.92,7.98,180322704.0,225330700,65536
20210527,7.93,8.02,7.91,7.99,175217056.0,219990400,65536
20210528,7.99,8.1,7.94,8.07,230720176.0,287801000,65536
20210531,8.08,8.27,8.03,8.25,220962144.0,270767019,65536
20210601,8.25,8.32,8.16,8.21,221035744.0,268809268,65536
20210602,8.18,8.22,7.98,8.0,221035024.0,273802290,65536
20210603,7.98,8.04,7.87,7.89,131242112.0,165027553,65536
20210604,7.83,8.02,7.82,7.97,125612624.0,158062360,65536
20210607,8.02,8.13,8.0,8.09,185583408.0,230118419,65536
20210608,8.09,8.16,8.02,8.14,160974128.0,199144900,65536
20210609,8.21,8.3,8.13,8.21,236100624.0,287423343,65536
20210610,8.22,8.28,8.15,8.27,185092048.0,224669900,65536
20210611,8.3,8.3,7.94,7.97,248772800.0,308809800,65536
20210615,7.96,7.96,7.85,7.93,105574320.0,133332684,65536
20210616,7.92,7.98,7.72,7.78,150244608.0,192021636,65536
20210617,7.78,7.91,7.78,7.91,140207488.0,178597319,65536
20210618,7.9,8.16,7.87,8.1,180483616.0,223857887,65536
20210621,8.08,8.4,8.08,8.39,245780224.0,297512000,65536
20210622,8.44,8.48,8.3,8.35,158893280.0,190037800,65536
20210623,8.32,8.44,8.26,8.4,147561088.0,176414700,65536
20210624,8.43,8.51,8.33,8.35,135198400.0,160844000,65536
20210625,8.33,8.38,8.25,8.38,166321456.0,200083300,65536
20210628,8.4,8.43,8.32,8.4,145856608.0,173946300,65536
20210629,8.4,8.43,8.2,8.23,146826560.0,177043000,65536
20210630,8.23,8.38,8.19,8.38,154285216.0,186234100,65536
20210701,8.44,8.46,8.04,8.06,220783376.0,268996458,65536
20210702,8.0,8.03,7.77,7.78,224953872.0,286681207,65536
20210705,7.74,7.91,7.73,7.83,111912664.0,142876680,65536
20210706,7.84,7.9,7.74,7.87,118908304.0,152267100,65536
20210707,7.82,8.14,7.78,8.13,214957824.0,267736000,65536
20210708,8.15,8.47,8.15,8.44,412012704.0,491275397,65536
20210709,8.45,8.49,8.35,8.37,229784112.0,273470800,65536
20210712,8.41,8.56,8.28,8.51,234019904.0,276670696,65536
20210713,8.53,8.58,8.36,8.44,150502528.0,178132204,65536
20210714,8.42,8.42,8.21,8.27,151600352.0,182839714,65536
20210715,8.25,8.36,8.16,8.31,125670312.0,152144700,65536
20210716,8.3,8.73,8.26,8.62,324915200.0,379197400,65536
20210719,8.7,8.73,8.5,8.56,194331296.0,225812400,65536
20210720,8.49,8.77,8.46,8.74,192306176.0,222044300,65536
20210721,8.77,8.98,8.72,8.93,268035504.0,301913400,65536
20210722,8.93,8.96,8.8,8.95,183458176.0,206531600,65536
20210723,8.95,9.17,8.78,9.06,314949568.0,351760221,65536
20210726,9.12,9.45,9.01,9.06,436609792.0,473549571,65536
20210727,9.06,9.27,8.87,8.9,344986656.0,379368800,65536
20210728,8.72,8.8,8.32,8.56,356063072.0,416260699,65536
20210729,8.67,9.0,8.67,8.94,365349216.0,411734404,65536
20210730,8.95,9.03,8.81,8.94,213837120.0,239757200,65536
20210802,8.98,9.38,8.97,9.34,310976704.0,336610600,65536
20210803,9.34,9.43,9.09,9.15,222666208.0,240578253,65536
20210804,9.15,9.43,9.13,9.41,303625920.0,325138956,65536
20210805,9.45,9.89,9.39,9.72,805914432.0,833463766,65536
20210806,9.75,9.85,9.59,9.78,274432768.0,282628136,65536
20210809,9.78,9.88,9.63,9.72,283708064.0,291571400,65536
20210810,9.67,10.18,9.65,9.99,393934656.0,394220100,65536
20210811,10.0,10.07,9.86,9.95,254080816.0,255501900,65536
20210812,9.92,9.94,9.62,9.64,299982144.0,308508116,65536
20210813,9.63,9.75,9.43,9.56,245490432.0,255926753,65536
20210816,9.54,9.6,9.35,9.4,229602352.0,242452500,65536
20210817,9.39,9.54,9.16,9.22,315503104.0,337420800,65536
20210818,9.22,9.51,9.18,9.45,293463712.0,312889800,65536
20210819,9.4,9.76,9.33,9.69,332989152.0,346029049,65536
20210820,9.69,9.88,9.57,9.73,282580960.0,290820456,65536
20210823,9.8,10.23,9.77,10.16,403227264.0,400139103,65536
20210824,9.9,10.13,9.72,10.07,395582784.0,399152702,65536
20210825,10.12,10.24,9.9,10.0,229069584.0,228695806,65536
20210826,9.98,10.18,9.92,9.98,227868560.0,226617416,65536
20210827,9.93,9.96,9.67,9.75,286350816.0,293842138,65536
20210830,9.82,10.13,9.82,9.94,290497760.0,290634363,65536
20210831,9.95,10.13,9.85,9.97,207132992.0,207631400,65536
20210901,9.99,10.05,9.38,9.64,295780992.0,306694238,65536
20210902,9.58,9.65,9.49,9.61,161826576.0,169102486,65536
20210903,9.56,9.57,9.09,9.28,309419872.0,333205582,65536
20210906,9.23,9.45,9.11,9.42,330344544.0,354779450,65536
20210907,9.41,9.61,9.35,9.49,188259968.0,198057757,65536
20210908,9.47,9.5,9.3,9.37,164085408.0,174676900,65536
20210909,9.36,9.51,9.19,9.49,174959664.0,187524900,65536
20210910,9.49,9.61,9.35,9.51,239820624.0,252686618,65536
20210913,9.5,9.5,9.25,9.31,180533680.0,193798100,65536
20210914,9.3,9.44,9.16,9.2,206402768.0,222004197,65536
20210915,9.18,9.3,8.99,9.27,148108112.0,161762031,65536
20210916,9.26,9.27,9.02,9.03,129438408.0,141624700,65536
20210917,9.0,9.11,8.74,8.94,183671040.0,206636372,65536
20210922,8.83,9.1,8.78,9.04,125160688.0,139443700,65536
20210923,9.05,9.23,8.99,9.2,204534400.0,224356300,65536
20210924,9.19,9.25,9.11,9.19,175260688.0,190693100,65536
20210927,9.19,9.22,8.81,8.97,188929344.0,210329400,65536
20210928,8.92,9.15,8.9,9.09,167018160.0,183824800,65536
20210929,9.07,9.08,8.8,8.81,193883408.0,218116391,65536
20210930,8.83,8.98,8.81,8.86,160132560.0,179960817,65536
20211008,8.92,8.97,8.67,8.75,141697184.0,161437000,65536
20211011,8.76,9.1,8.74,8.92,198369600.0,221398100,65536
20211012,8.88,8.88,8.61,8.69,143534192.0,164388000,65536
20211013,8.58,8.72,8.45,8.72,142548928.0,166327700,65536
20211014,8.69,8.95,8.65,8.86,169666016.0,191203900,65536
20211015,8.87,8.97,8.82,8.95,100837848.0,112810176,65536
20211018,9.0,9.07,8.93,9.02,104561568.0,116241400,65536
20211019,9.02,9.08,8.94,9.07,122558728.0,135696900,65536
20211020,9.08,9.23,9.06,9.15,192062832.0,209772700,65536
20211021,9.14,9.14,8.95,9.03,83128312.0,92127000,65536
20211022,9.03,9.06,8.97,9.02,74868728.0,83096721,65536
20211025,9.02,9.2,9.0,9.18,155015920.0,170171721,65536
20211026,9.18,9.2,9.06,9.1,89069880.0,97650900,65536
20211027,9.22,9.24,9.05,9.11,108875016.0,119306357,65536
20211028,9.08,9.12,8.94,8.96,76296736.0,84478200,65536
20211029,8.96,9.23,8.95,9.22,163983584.0,179030000,65536
20211101,9.25,9.46,9.24,9.39,221360384.0,235776913,65536
20211102,9.49,9.65,9.48,9.58,335048224.0,349840646,65536
20211103,9.58,9.58,9.36,9.49,153852304.0,162826088,65536
20211104,9.49,9.66,9.49,9.65,190720704.0,198925577,65536
20211105,9.66,9.71,9.54,9.57,116789016.0,121289104,65536
20211108,9.54,9.61,9.39,9.57,129645760.0,136253000,65536
20211109,9.57,9.93,9.54,9.84,315673120.0,322818500,65536
20211110,9.86,10.0,9.8,9.87,217670624.0,220130500,65536
20211111,9.85,9.95,9.75,9.87,143028864.0,145279692,65536
20211112,9.86,10.21,9.84,10.16,292368832.0,289862692,65536
20211115,10.18,10.34,9.99,10.01,161056352.0,158843291,65536
20211116,9.96,10.12,9.64,9.65,243876864.0,247759964,65536
20211117,9.6,9.8,9.48,9.76,154817280.0,160361800,65536
20211118,9.7,10.05,9.65,9.96,220688016.0,223395963,65536
20211119,9.94,10.06,9.88,9.96,101465800.0,101910150,65536
20211122,9.95,10.1,9.9,10.06,110052408.0,109703800,65536
20211123,10.08,10.08,9.89,9.93,150450544.0,151076967,65536
20211124,9.94,10.0,9.76,9.78,149597616.0,152108300,65536
20211125,9.75,9.85,9.68,9.71,111565200.0,114574500,65536
20211126,9.68,9.81,9.67,9.69,87175200.0,89711400,65536
20211129,9.58,10.01,9.56,9.95,188221056.0,190862406,65536
20211130,9.97,10.35,9.97,10.27,313541632.0,306670749,65536
20211201,10.25,10.31,10.11,10.15,184310752.0,180952000,65536
20211202,10.15,10.17,10.02,10.08,95270696.0,94475800,65536
20211203,10.11,10.32,10.1,10.3,162902928.0,158891067,65536
20211206,10.31,10.43,10.19,10.31,137239472.0,132809580,65536
20211207,10.31,10.36,9.91,9.97,227584864.0,226525100,65536
20211208,10.0,10.14,9.99,10.12,130420608.0,129161300,65536
20211209,10.1,10.16,10.0,10.12,136241872.0,135144900,65536
20211210,10.09,10.13,9.96,10.12,148314352.0,147646600,65536
20211213,10.05,10.1,9.91,10.06,185045488.0,185011642,65536
20211214,10.02,10.22,9.98,10.15,181663552.0,179092500,65536
20211215,10.15,10.18,10.03,10.06,162175920.0,160843800,65536
20211216,10.04,10.12,10.02,10.11,86632872.0,85933900,65536
20211217,10.1,10.1,9.92,9.95,144333520.0,144570800,65536
20211220,9.86,9.98,9.68,9.7,140828080.0,143855200,65536
20211221,9.69,9.8,9.6,9.73,100992984.0,104206000,65536
20211222,9.75,9.78,9.63,9.7,62591388.0,64495500,65536
20211223,9.7,9.86,9.66,9.8,78181376.0,79819100,65536
20211224,9.79,9.83,9.73,9.79,67132256.0,68645604,65536
20211227,9.76,9.83,9.71,9.74,58437864.0,59859800,65536
20211228,9.74,9.85,9.67,9.84,83304600.0,85246000,65536
20211229,9.84,9.99,9.82,9.93,110698024.0,111406700,65536
20211230,9.93,10.31,9.93,10.26,268767104.0,262916800,65536
20211231,10.3,10.33,10.18,10.26,143655232.0,139886333,65536
20220104,10.26,10.35,10.13,10.22,126662144.0,124020843,65536
20220105,10.21,10.23,9.72,9.77,233448400.0,236347100,65536
20220106,9.7,9.74,9.5,9.62,157695040.0,164131600,65536
20220107,9.61,9.7,9.45,9.48,133317736.0,139527900,65536
20220110,9.44,9.51,9.26,9.44,136655168.0,145288700,65536
20220111,9.43,9.45,9.16,9.19,176575072.0,190455411,65536
20220112,9.2,9.39,9.2,9.38,143543456.0,154320737,65536
20220113,9.41,9.41,9.15,9.21,157787808.0,171047700,65536
20220114,9.14,9.32,9.14,9.24,112847472.0,121903400,65536
20220117,9.2,9.41,9.2,9.39,138629712.0,148401496,65536
20220118,9.39,9.58,9.34,9.46,127698064.0,134909100,65536
20220119,9.44,9.52,9.22,9.28,129284096.0,138225400,65536
20220120,9.29,9.31,9.05,9.09,170409920.0,186234000,65536
20220121,8.99,9.0,8.76,8.85,234043360.0,265358908,65536
20220124,8.8,8.96,8.76,8.89,110698416.0,124820957,65536
20220125,8.93,9.04,8.74,8.76,134106592.0,150367900,65536
20220126,8.75,8.82,8.61,8.73,93412096.0,107044900,65536
20220127,8.73,8.77,8.52,8.53,103050600.0,119306537,65536
20220128,8.56,8.67,8.4,8.56,95807344.0,112097302,65536
20220207,8.62,8.69,8.44,8.49,100049296.0,117258400,65536
20220208,8.49,8.49,8.19,8.35,144604976.0,174205900,65536
20220209,8.35,8.58,8.31,8.57,135746752.0,160019000,65536
20220210,8.57,8.62,8.48,8.51,147578384.0,173020541,65536
20220211,8.48,8.5,8.34,8.35,138552784.0,164727200,65536
20220214,8.35,8.48,8.28,8.32,138842064.0,165861900,65536
20220215,8.35,8.53,8.32,8.53,110182424.0,130680900,65536
20220216,8.47,8.49,8.39,8.43,96397504.0,114292200,65536
20220217,8.42,8.48,8.34,8.46,117907808.0,140023400,65536
20220218,8.41,8.45,8.36,8.44,80524592.0,95761900,65536
20220221,8.44,8.53,8.43,8.51,89423016.0,105406300,65536
20220222,8.56,8.57,8.32,8.38,130061424.0,155133800,65536
20220223,8.4,8.75,8.37,8.73,214453376.0,248653428,65536
20220224,8.78,8.94,8.6,8.75,326253120.0,373713288,65536
20220225,8.68,8.84,8.66,8.75,146390560.0,167165778,65536
20220228,8.81,8.94,8.79,8.89,146685696.0,165388500,65536
20220301,8.89,9.02,8.85,8.99,143719296.0,160341510,65536
20220302,9.0,9.0,8.84,8.92,145228960.0,163208410,65536
20220303,8.94,8.94,8.69,8.73,127005400.0,145048410,65536
20220304,8.67,8.77,8.52,8.59,132712088.0,153283600,65536
20220307,8.61,8.64,8.37,8.4,128751392.0,151902200,65536
20220308,8.4,8.48,8.1,8.12,173400752.0,209955900,65536
20220309,8.12,8.18,7.58,7.96,176297824.0,222997020,65536
20220310,8.11,8.25,8.11,8.14,191524736.0,234688120,65536
20220311,8.08,8.23,7.93,8.22,117936944.0,146396300,65536
20220314,8.15,8.35,8.09,8.13,234804080.0,285960400,65536
20220315,8.05,8.19,7.82,7.86,150183200.0,187801000,65536
20220316,7.93,8.08,7.61,8.07,180835376.0,229493074,65536
20220317,8.12,8.29,8.12,8.17,136518656.0,166547600,65536
20220318,8.1,8.11,7.87,8.03,141475696.0,177076100,65536
20220321,8.06,8.18,7.99,8.12,103118264.0,127403200,65536
20220322,8.1,8.15,7.96,8.01,105197976.0,131020600,65536
20220323,7.99,8.28,7.93,8.18,133252872.0,163870600,65536
20220324,8.14,8.14,8.04,8.07,97051920.0,120038232,65536
20220325,8.09,8.19,8.0,8.02,107100512.0,132293032,65536
20220328,7.92,7.96,7.81,7.87,102893392.0,130715700,65536
20220329,7.92,8.12,7.92,7.97,128268920.0,159968000,65536
20220330,8.0,8.09,7.94,8.06,163184400.0,203073500,65536
20220331,8.02,8.05,7.87,7.93,119202304.0,150255000,65536
20220401,7.88,8.01,7.86,7.94,97988984.0,123407400,65536
20220406,7.9,7.92,7.73,7.77,136204704.0,175046700,65536
20220407,7.73,7.87,7.65,7.67,120739176.0,156058100,65536
20220408,7.68,7.7,7.5,7.57,131010976.0,173036300,65536
20220411,7.53,7.53,7.13,7.19,200206768.0,276052596,65536
20220412,7.18,7.26,7.07,7.24,121836544.0,170350677,65536
20220413,7.21,7.23,7.12,7.12,105143136.0,146611800,65536
20220414,7.16,7.19,7.07,7.16,101598968.0,142548700,65536
20220415,7.12,7.19,7.04,7.17,115011176.0,161832405,65536
20220418,7.13,7.4,7.1,7.38,147013600.0,201681500,65536
20220419,7.36,7.43,7.33,7.36,94205808.0,127683020,65536
20220420,7.38,7.39,7.24,7.27,94891232.0,129454720,65536
20220421,7.23,7.33,7.03,7.05,155209312.0,216977331,65536
20220422,7.01,7.05,6.9,6.98,85243792.0,122331400,65536
20220425,6.9,6.9,6.48,6.49,121446496.0,182106100,65536
20220426,6.5,6.53,6.23,6.26,149806864.0,234322882,65536
20220427,6.17,6.71,6.16,6.68,118029712.0,183266018,65536
20220428,6.65,6.84,6.59,6.73,180624512.0,268973724,65536
20220429,6.77,7.15,6.74,7.14,134281504.0,192376100,65536
20220505,7.03,7.37,7.0,7.25,116195456.0,160442900,65536
20220506,7.06,7.19,6.99,7.11,123887344.0,174006000,65536
20220509,7.09,7.3,7.07,7.28,77205272.0,106772400,65536
20220510,7.16,7.37,7.14,7.26,155426864.0,213447582,65536
20220511,7.29,7.44,7.26,7.27,125592000.0,170915670,65536
20220512,7.21,7.33,7.2,7.29,90617984.0,124611500,65536
20220513,7.29,7.34,7.17,7.25,70363552.0,97241600,65536
20220516,7.31,7.4,7.22,7.23,90349288.0,124146300,65536
20220517,7.21,7.34,7.16,7.32,99301480.0,136609500,65536
20220518,7.36,7.44,7.26,7.37,114553296.0,156119400,65536
20220519,7.28,7.4,7.24,7.4,108079600.0,148016000,65536
20220520,7.42,7.47,7.28,7.36,168177504.0,228705700,65536
20220523,7.37,7.37,7.24,7.34,83906592.0,114900720,65536
20220524,7.35,7.47,7.1,7.13,102857624.0,140992800,65536
20220525,7.06,7.18,7.04,7.16,96920392.0,136234700,65536
20220526,7.14,7.48,7.14,7.38,150535040.0,204932500,65536
20220527,7.44,7.5,7.32,7.39,141394240.0,190091900,65536
20220530,7.39,7.45,7.32,7.45,113439776.0,153342856,65536
20220531,7.43,7.48,7.32,7.47,106679568.0,143904600,65536
20220601,7.42,7.54,7.42,7.51,131699968.0,175731900,65536
20220602,7.46,7.66,7.45,7.65,106216152.0,140148700,65536
20220606,7.65,7.83,7.6,7.82,153921504.0,198268700,65536
20220607,7.82,7.83,7.69,7.8,108112080.0,139365200,65536
20220608,7.79,7.88,7.64,7.75,140761088.0,181647700,65536
20220609,7.72,7.73,7.5,7.54,128943744.0,169821600,65536
20220610,7.46,7.83,7.46,7.8,257275328.0,332468900,65536
20220613,7.84,7.89,7.7,7.83,146826064.0,188375100,65536
20220614,7.7,7.7,7.45,7.62,170754240.0,225592030,65536
20220615,7.63,7.74,7.61,7.64,130775624.0,169948400,65536
20220616,7.64,7.77,7.61,7.66,106516936.0,138328478,65536
20220617,7.6,7.73,7.55,7.73,111410384.0,145510800,65536
20220620,7.75,7.86,7.71,7.81,180561696.0,231384300,65536
20220621,7.8,7.81,7.59,7.67,179259744.0,232381200,65536
20220622,7.69,7.72,7.5,7.52,164447168.0,216660101,65536
20220623,7.49,8.0,7.49,8.0,340407968.0,437198100,65536
20220624,8.06,8.32,8.04,8.22,280604992.0,341183694,65536
20220627,8.28,8.29,8.12,8.22,179345936.0,218946500,65536
20220628,8.22,8.42,8.18,8.39,154448720.0,184876662,65536
20220629,8.37,8.4,8.11,8.14,189051728.0,228685200,65536
20220630,8.15,8.26,8.09,8.23,241360720.0,294996600,65536
20220701,8.22,8.35,8.14,8.21,191102944.0,231496600,65536
20220704,8.21,8.51,8.08,8.5,285681216.0,339684048,65536
20220705,8.46,8.48,8.3,8.45,269946176.0,321486368,65536
20220706,8.41,8.49,8.23,8.33,315766624.0,376778592,65536
20220707,8.34,8.57,8.33,8.51,234055552.0,275516700,65536
20220708,8.5,8.5,8.34,8.38,232995440.0,277293300,65536
20220711,8.36,8.37,8.13,8.26,205976976.0,250822200,65536
20220712,8.26,8.43,8.12,8.17,189418192.0,228390849,65536
20220713,8.13,8.17,7.98,8.04,164666448.0,204294400,65536
20220714,8.02,8.26,8.0,8.22,244834256.0,298738786,65536
20220715,8.2,8.31,8.07,8.11,174515936.0,212821139,65536
20220718,8.06,8.13,7.91,8.12,163552336.0,204031637,65536
20220719,8.12,8.21,8.01,8.09,155094608.0,191429878,65536
20220720,8.1,8.43,8.1,8.42,276173568.0,333112877,65536
20220721,8.42,8.42,8.22,8.26,222747584.0,268761100,65536
20220722,8.26,8.35,8.11,8.23,173251280.0,210880098,65536
20220725,8.26,8.37,8.1,8.16,162218368.0,197526700,65536
20220726,8.1,8.25,8.06,8.2,136252656.0,166746900,65536
20220727,8.2,8.35,8.17,8.21,209084336.0,253180874,65536
20220728,8.25,8.36,8.2,8.36,282839136.0,341287600,65536
20220729,8.35,8.35,8.09,8.19,358854528.0,439526981,65536
20220801,8.18,8.23,8.1,8.17,197601664.0,242413823,65536
20220802,8.25,8.34,8.01,8.09,271110144.0,331882600,65536
20220803,8.09,8.53,8.02,8.42,578308480.0,689437778,65536
20220804,8.47,8.47,8.25,8.32,217196960.0,261498305,65536
20220805,8.26,8.37,8.16,8.32,213346096.0,258505350,65536
20220808,8.33,8.53,8.28,8.52,383908128.0,453084900,65536
20220809,8.48,8.77,8.42,8.7,224434224.0,261710147,65536
20220810,8.67,8.87,8.64,8.77,256565728.0,292302600,65536
20220811,8.71,8.76,8.63,8.76,175332416.0,201672519,65536
20220812,8.73,8.74,8.55,8.55,242870816.0,282046281,65536
20220815,8.55,8.6,8.52,8.59,119446408.0,139531700,65536
20220816,8.59,8.67,8.52,8.56,135095888.0,157302500,65536
20220817,8.55,8.55,8.39,8.48,235627520.0,279034443,65536
20220818,8.46,8.53,8.44,8.53,203693104.0,239778362,65536
20220819,8.5,8.62,8.36,8.37,168288848.0,198171900,65536
20220822,8.37,8.48,8.3,8.47,189172096.0,224958096,65536
20220823,8.45,8.46,8.36,8.39,108728704.0,129351196,65536
20220824,8.4,8.4,8.05,8.07,202920560.0,248485596,65536
20220825,8.08,8.14,7.93,8.03,142344320.0,177224900,65536
20220826,8.03,8.06,7.87,7.91,171434848.0,215484900,65536
20220829,7.84,8.08,7.76,8.01,208694784.0,262018400,65536
20220830,8.0,8.06,7.91,7.93,123446816.0,155042200,65536
20220831,7.95,7.99,7.7,7.77,157843648.0,201586200,65536
20220901,7.76,7.83,7.71,7.74,122521008.0,157635100,65536
20220902,7.72,7.86,7.71,7.79,202754992.0,260243301,65536
20220905,7.77,7.86,7.72,7.78,101125920.0,129971000,65536
20220906,7.77,8.08,7.77,8.04,219562912.0,274458500,65536
20220907,7.99,8.17,7.99,8.14,154526128.0,190878783,65536
20220908,8.1,8.34,8.1,8.28,227939680.0,275452400,65536
20220909,8.29,8.41,8.19,8.26,123250672.0,148692402,65536
20220913,8.3,8.38,8.23,8.37,151577440.0,182253500,65536
20220914,8.27,8.5,8.25,8.46,190394368.0,226174258,65536
20220915,8.46,8.48,8.13,8.26,152341280.0,183964161,65536
20220916,8.22,8.46,8.22,8.24,172103696.0,206505400,65536
20220919,8.23,8.34,8.06,8.11,120253608.0,146703800,65536
20220920,8.13,8.23,8.08,8.13,131885584.0,162247500,65536
20220921,8.09,8.1,7.94,8.05,160192752.0,200416300,65536
20220922,8.01,8.3,7.99,8.22,167160128.0,203701800,65536
20220923,8.2,8.49,8.16,8.21,167543408.0,202089900,65536
20220926,8.15,8.17,7.93,7.97,152314496.0,189410300,65536
20220927,7.97,8.08,7.93,8.05,137196816.0,171043800,65536
20220928,8.05,8.17,7.74,7.76,162480688.0,205518800,65536
20220929,7.8,7.93,7.74,7.79,199452736.0,254681000,65536
20220930,7.78,7.79,7.52,7.56,138066656.0,180695900,65536
20221010,7.55,7.58,7.37,7.41,122639960.0,164329100,65536
20221011,7.41,7.47,7.32,7.44,111287624.0,150703387,65536
20221012,7.42,7.63,7.25,7.6,133855592.0,181221400,65536
20221013,7.55,7.75,7.51,7.67,111448664.0,145117600,65536
20221014,7.7,7.85,7.62,7.81,138535568.0,178477921,65536
20221017,7.83,8.08,7.81,8.03,127102584.0,159071800,65536
20221018,8.04,8.07,7.92,8.03,103225608.0,128988300,65536
20221019,8.01,8.07,7.92,7.97,97006072.0,121355900,65536
20221020,7.93,8.06,7.83,7.99,113856296.0,143268200,65536
20221021,7.99,8.03,7.84,7.92,92465200.0,116703800,65536
20221024,8.01,8.4,8.01,8.27,270953952.0,328140523,65536
20221025,8.27,8.38,8.18,8.27,152573184.0,184314605,65536
20221026,8.26,8.41,8.12,8.34,132491656.0,160092000,65536
20221027,8.37,8.4,8.21,8.29,113209376.0,136310600,65536
20221028,8.21,8.33,8.12,8.16,124228080.0,150709254,65536
20221031,8.12,8.38,7.9,8.32,175066176.0,214735959,65536
20221101,8.28,8.35,8.09,8.22,189877312.0,230692000,65536
20221102,8.18,8.23,8.06,8.13,203086752.0,250119600,65536
20221103,8.09,8.26,8.06,8.19,151630768.0,185605600,65536
20221104,8.19,8.26,8.13,8.25,182581376.0,222791800,65536
20221107,8.26,8.28,8.0,8.07,251612976.0,311223300,65536
20221108,8.07,8.1,7.99,8.07,148341280.0,184387600,65536
20221109,8.12,8.16,7.99,8.01,135379136.0,167673200,65536
20221110,7.96,7.97,7.81,7.87,158823936.0,201700700,65536
20221111,7.96,8.0,7.81,7.93,146115680.0,184798493,65536
20221114,7.92,7.93,7.77,7.82,187067952.0,238125112,65536
20221115,7.8,7.94,7.74,7.94,139586896.0,176920900,65536
20221116,7.95,8.08,7.91,7.98,193789552.0,242254100,65536
20221117,7.93,7.98,7.76,7.97,162874560.0,207100325,65536
20221118,7.94,7.98,7.82,7.84,127850928.0,162037625,65536
20221121,7.82,7.95,7.76,7.91,131473120.0,166616400,65536
20221122,7.9,7.99,7.83,7.89,135280624.0,171138879,65536
20221123,7.85,7.87,7.75,7.85,112840912.0,144417025,65536
20221124,7.86,7.9,7.77,7.79,96785944.0,123726000,65536
20221125,7.79,7.79,7.66,7.69,120802936.0,156461200,65536
20221128,7.61,7.71,7.54,7.7,95685328.0,125413400,65536
20221129,7.7,7.8,7.65,7.71,158572240.0,205584400,65536
20221130,7.72,7.75,7.62,7.67,156134336.0,203772043,65536
20221201,7.68,7.76,7.66,7.73,140676048.0,182367272,65536
20221202,7.7,7.77,7.65,7.66,119527624.0,155249845,65536
20221205,7.69,7.69,7.61,7.65,130382232.0,170665300,65536
20221206,7.65,7.71,7.55,7.71,191214976.0,250747900,65536
20221207,7.68,7.71,7.64,7.68,134750832.0,175441000,65536
20221208,7.66,7.67,7.54,7.57,151417408.0,199348700,65536
20221209,7.57,7.59,7.45,7.51,153945936.0,205201600,65536
20221212,7.51,7.63,7.42,7.59,179629984.0,238333400,65536
20221213,7.57,7.59,7.46,7.47,125947552.0,167509900,65536
20221214,7.48,7.55,7.41,7.43,116012856.0,155346742,65536
20221215,7.44,7.47,7.38,7.45,111240144.0,149672000,65536
20221216,7.42,7.42,7.32,7.34,126341256.0,171715700,65536
20221219,7.35,7.38,7.28,7.29,102334712.0,139625600,65536
20221220,7.26,7.38,7.26,7.3,98398000.0,134551000,65536
20221221,7.3,7.33,7.16,7.19,134667056.0,186022200,65536
20221222,7.2,7.22,7.06,7.11,123048464.0,172576700,65536
20221223,7.06,7.1,6.98,7.01,132428592.0,188161400,65536
20221226,7.04,7.27,7.04,7.27,158161360.0,220527219,65536
20221227,7.27,7.32,7.23,7.29,97786136.0,134474200,65536
20221228,7.28,7.34,7.18,7.21,100760624.0,138869700,65536
20221229,7.18,7.39,7.17,7.34,141613392.0,194212500,65536
20221230,7.34,7.39,7.3,7.34,124034768.0,169092169,65536
20230103,7.33,7.55,7.31,7.53,190862368.0,256055300,65536
20230104,7.51,7.55,7.44,7.5,173087856.0,230702600,65536
20230105,7.47,7.53,7.45,7.52,281975168.0,375585400,65536
20230106,7.52,7.52,7.42,7.44,462860096.0,617947000,65536
20230109,7.45,7.46,7.26,7.29,260135904.0,354849300,65536
20230110,7.28,7.29,7.16,7.22,201608992.0,280222000,65536
20230111,7.22,7.28,7.12,7.13,196098544.0,272690400,65536
20230112,7.27,7.3,7.13,7.14,235829664.0,327856762,65536
20230113,7.15,7.17,7.07,7.12,233296032.0,328328900,65536
20230116,7.12,7.23,7.11,7.22,254043328.0,353455399,65536
20230117,7.22,7.34,7.18,7.27,225179488.0,309743300,65536
20230118,7.27,7.31,7.23,7.29,154360064.0,212007200,65536
20230119,7.26,7.43,7.25,7.43,192297600.0,261489725,65536
20230120,7.4,7.49,7.4,7.43,181720976.0,244326909,65536
20230130,7.52,7.74,7.49,7.67,418452480.0,549309600,65536
20230131,7.65,7.71,7.61,7.69,215011088.0,280345335,65536
20230201,7.7,7.76,7.64,7.76,250757024.0,325819466,65536
20230202,7.8,7.82,7.6,7.61,302775904.0,394757641,65536
20230203,7.59,7.72,7.54,7.72,274521472.0,359793000,65536
20230206,7.7,7.76,7.63,7.64,185471520.0,241751000,65536
20230207,7.65,7.67,7.56,7.61,127138304.0,167288600,65536
20230208,7.61,7.62,7.47,7.48,221949136.0,295382400,65536
20230209,7.46,7.62,7.44,7.6,200034128.0,264851338,65536
20230210,7.58,7.62,7.49,7.53,171582576.0,227432836,65536
20230213,7.52,7.61,7.5,7.55,187310352.0,247802600,65536
20230214,7.56,7.57,7.48,7.5,197420224.0,263008500,65536
20230215,7.5,7.54,7.45,7.51,182081376.0,243151400,65536
20230216,7.51,7.53,7.32,7.4,226122192.0,303495400,65536
20230217,7.4,7.41,7.28,7.35,229778000.0,313111820,65536
20230220,7.32,7.36,7.24,7.36,196575600.0,269663944,65536
20230221,7.35,7.49,7.34,7.43,257371456.0,346255944,65536
20230222,7.41,7.49,7.39,7.43,133223040.0,178902200,65536
20230223,7.45,7.45,7.38,7.4,123489288.0,166366800,65536
20230224,7.42,7.58,7.42,7.52,296972864.0,394613980,65536
20230227,7.53,7.59,7.45,7.48,185037872.0,246121300,65536
20230228,7.49,7.49,7.42,7.49,145761920.0,195581800,65536
20230301,7.49,7.5,7.44,7.5,144591008.0,193264400,65536
20230302,7.49,7.57,7.48,7.5,194569568.0,258805037,65536
20230303,7.48,7.63,7.46,7.62,310293408.0,409635735,65536
20230306,7.67,7.76,7.64,7.7,309344832.0,401382343,65536
20230307,7.71,7.72,7.51,7.53,185178752.0,243989267,65536
20230308,7.5,7.65,7.48,7.62,254255184.0,336280946,65536
20230309,7.62,7.65,7.51,7.56,122888312.0,162352653,65536
20230310,7.5,7.51,7.41,7.42,149668960.0,200543700,65536
20230313,7.39,7.46,7.37,7.44,108433744.0,146198900,65536
20230314,7.42,7.47,7.28,7.38,140783152.0,190842300,65536
20230315,7.4,7.41,7.27,7.28,198035872.0,270290129,65536
20230316,7.25,7.28,7.11,7.12,205960896.0,286543434,65536
20230317,7.16,7.23,7.15,7.18,139306512.0,193842700,65536
20230320,7.18,7.19,7.07,7.11,181255680.0,254941900,65536
20230321,7.21,7.32,7.2,7.28,225959920.0,310560300,65536
20230322,7.27,7.28,7.21,7.24,154457280.0,213258400,65536
20230323,7.22,7.29,7.18,7.28,166014688.0,229606673,65536
20230324,7.27,7.27,7.21,7.23,127433296.0,176374000,65536
20230327,7.23,7.23,7.12,7.15,161046688.0,224799000,65536
20230328,7.15,7.16,7.01,7.05,250469456.0,353901900,65536
20230329,7.05,7.06,6.92,6.95,290626720.0,417699100,65536
20230330,6.95,6.99,6.93,6.99,164854592.0,236679600,65536
20230331,7.0,7.01,6.95,6.98,192024960.0,275302600,65536
20230403,6.98,7.09,6.97,7.09,205219552.0,291055500,65536
20230404,7.1,7.1,6.98,7.03,340081984.0,484202200,65536
20230406,7.02,7.14,6.95,7.14,493247360.0,700443565,65536
20230407,7.13,7.19,7.11,7.15,180621104.0,252468300,65536
20230410,7.18,7.2,7.1,7.13,217469280.0,304096700,65536
20230411,7.13,7.13,7.04,7.07,204274560.0,289011392,0
